20 70419
AE 29507
A5 27488
A8 24307
A0 24053
E2 20309
AD 19451
E1 15360
E0 14930
A2 13174
0A 13168
AB 11229
AC 10774
AA 10188
AF 9549
2E 9533
EF 8092
E3 7296
A4 7138
EB 7021
2D 6025
2C 5338
A7 5292
E7 4339
A1 4208
EC 4096
45 3704
A3 3280
A9 3260
54 3059
49 3046
4E 2950
E6 2631
A6 2607
52 2476
EE 2438
41 2213
E5 2140
4F 1933
4C 1931
E4 1907
53 1903
43 1789
28 1761
29 1749
3B 1647
46 1639
E9 1589
50 1508
2A 1261
44 1217
22 1079
55 1069
3D 1049
31 1004
48 991
E8 960
ED 871
2F 862
30 854
47 841
5C 636
4D 635
42 578
27 568
2B 557
59 481
32 480
57 464
82 457
3A 443
5D 425
5B 425
58 420
8F 395
8E 375
3E 311
21 306
33 294
56 275
91 252
EA 238
26 238
35 234
4B 227
8D 222
5F 218
34 211
36 205
37 193
92 192
8A 191
85 167
3C 162
25 162
93 159
5A 157
9D 142
8C 130
88 130
7B 120
38 120
23 119
7D 117
84 114
94 112
39 96
4A 81
87 68
90 67
80 62
3F 55
97 41
81 41
8B 33
9F 31
5E 30
95 27
51 26
96 20
83 17
98 2
75 2
69 2
64 2
40 2
9B 1
74 1
73 1
6F 1
6E 1
6D 1
67 1
66 1
65 1
63 1
61 1
