D0 208953
D1 94217
20 70419
BE 29507
B5 27488
B8 24307
B0 24053
82 20309
BD 19451
81 15360
80 14930
B2 13174
0A 13168
BB 11229
BC 10774
BA 10188
BF 9549
2E 9533
8F 8092
83 7296
B4 7138
8B 7021
2D 6025
2C 5338
B7 5292
87 4339
B1 4208
8C 4096
45 3704
B3 3280
B9 3260
54 3059
49 3046
4E 2950
86 2631
B6 2607
52 2476
8E 2438
41 2213
85 2140
4F 1933
4C 1931
84 1907
53 1903
43 1789
28 1761
29 1749
3B 1647
46 1639
89 1589
50 1508
2A 1261
44 1217
22 1079
55 1069
3D 1049
31 1004
48 991
88 960
8D 871
2F 862
30 854
47 841
5C 636
4D 635
42 578
27 568
2B 557
59 481
32 480
57 464
92 457
3A 443
5D 425
5B 425
58 420
9F 395
9E 375
3E 311
21 306
33 294
56 275
A1 252
8A 238
26 238
35 234
4B 227
9D 222
5F 218
34 211
36 205
37 193
A2 192
9A 191
95 167
3C 162
25 162
A3 159
5A 157
AD 142
9C 130
98 130
7B 120
38 120
23 119
7D 117
94 114
A4 112
39 96
4A 81
97 68
A0 67
90 62
3F 55
A7 41
91 41
9B 33
AF 31
5E 30
A5 27
51 26
A6 20
93 17
A8 2
75 2
69 2
64 2
40 2
AB 1
74 1
73 1
6F 1
6E 1
6D 1
67 1
66 1
65 1
63 1
61 1
