04 303170
00 158105
20 70486
3E 29818
35 27722
30 24907
38 24427
42 20887
3D 20500
41 17573
40 14932
32 13654
0A 13168
3B 12876
3C 10936
3A 10631
4F 10025
3F 9604
2E 9533
43 9085
34 7349
4B 7248
2D 6167
4C 6027
45 5844
37 5485
4E 5388
2C 5338
31 5212
47 5180
49 4635
46 4270
33 3574
39 3356
44 3124
54 3059
36 2812
52 2476
48 1951
53 1903
28 1763
29 1749
50 1508
4D 1506
22 1271
2A 1261
55 1069
2F 893
5C 636
27 609
2B 558
21 558
59 481
57 464
12 457
5D 425
5B 425
58 420
1F 395
1E 375
4A 319
23 278
56 275
26 258
1D 222
5F 218
1A 191
25 189
15 167
5A 157
1C 130
18 130
7B 120
7D 117
14 114
24 112
17 68
10 62
11 41
1B 33
5E 30
51 26
13 17
75 2
69 2
64 2
74 1
73 1
6F 1
6E 1
6D 1
67 1
66 1
65 1
63 1
61 1
